helix	Hyd	HMom	 z 	FreqPolar	FreqNonPolar
    1	0.393	0.131	 -5	   0.500	   0.500
    2	0.424	0.161	 -5	   0.500	   0.500
    3	0.567	0.228	 -4	   0.444	   0.556
    4	0.564	0.229	 -4	   0.444	   0.556
    5	0.564	0.229	 -4	   0.444	   0.556
    6	0.415	0.094	 -3	   0.500	   0.500
    7	0.333	0.089	 -3	   0.500	   0.500
    8	0.310	0.108	 -3	   0.500	   0.500
    9	0.255	0.087	 -2	   0.500	   0.500
   10	0.264	0.096	 -1	   0.500	   0.500
   11	0.347	0.097	  0	   0.444	   0.556
   12	0.354	0.090	  0	   0.444	   0.556
   13	0.274	0.127	  0	   0.500	   0.500
   14	0.202	0.080	  1	   0.556	   0.444
   15	0.046	0.099	  2	   0.611	   0.389
   16	-0.029	0.140	  1	   0.667	   0.333
   17	-0.029	0.140	  1	   0.667	   0.333
   18	0.056	0.195	  1	   0.611	   0.389
   19	0.159	0.134	  2	   0.556	   0.444
   20	0.005	0.279	  3	   0.611	   0.389
   21	-0.077	0.257	  3	   0.611	   0.389
   22	-0.022	0.311	  3	   0.556	   0.444
   23	-0.036	0.317	  3	   0.556	   0.444
   24	-0.024	0.307	  1	   0.556	   0.444
   25	-0.084	0.266	  0	   0.611	   0.389
   26	-0.134	0.236	  0	   0.667	   0.333
   27	-0.115	0.218	 -2	   0.667	   0.333
   28	-0.117	0.218	 -3	   0.667	   0.333
   29	-0.143	0.193	 -3	   0.722	   0.278
   30	-0.013	0.223	 -2	   0.667	   0.333
   31	-0.082	0.289	 -1	   0.667	   0.333
   32	-0.039	0.288	 -2	   0.667	   0.333
   33	-0.039	0.288	 -2	   0.667	   0.333
   34	0.091	0.266	 -1	   0.611	   0.389
   35	0.088	0.269	 -1	   0.667	   0.333
   36	-0.046	0.265	 -1	   0.722	   0.278
   37	-0.019	0.292	 -1	   0.722	   0.278
   38	0.001	0.290	 -3	   0.722	   0.278
   39	-0.072	0.360	 -2	   0.778	   0.222
   40	-0.180	0.337	 -1	   0.833	   0.167
   41	-0.080	0.435	 -1	   0.778	   0.222
   42	-0.023	0.419	  0	   0.778	   0.222
   43	-0.013	0.410	  1	   0.778	   0.222
   44	0.120	0.496	  1	   0.722	   0.278
   45	0.170	0.526	  2	   0.722	   0.278
   46	0.220	0.482	  3	   0.722	   0.278
   47	0.151	0.511	  4	   0.722	   0.278
   48	0.156	0.516	  4	   0.722	   0.278
   49	0.175	0.519	  2	   0.722	   0.278
   50	0.175	0.519	  2	   0.722	   0.278
   51	0.331	0.567	  1	   0.667	   0.333
   52	0.201	0.467	  0	   0.722	   0.278
   53	0.132	0.526	  1	   0.722	   0.278
   54	0.251	0.496	  1	   0.667	   0.333
   55	0.242	0.487	  1	   0.667	   0.333
   56	0.222	0.492	  3	   0.667	   0.333
   57	0.284	0.436	  2	   0.667	   0.333
   58	0.306	0.449	  1	   0.667	   0.333
   59	0.163	0.374	  0	   0.722	   0.278
   60	0.113	0.423	 -1	   0.722	   0.278
   61	0.214	0.432	 -1	   0.667	   0.333
   62	0.209	0.427	 -1	   0.667	   0.333
   63	0.294	0.388	 -1	   0.611	   0.389
   64	0.223	0.450	  0	   0.611	   0.389
   65	0.373	0.553	 -1	   0.556	   0.444
   66	0.238	0.498	 -2	   0.611	   0.389
   67	0.240	0.496	 -1	   0.611	   0.389
   68	0.259	0.497	 -1	   0.611	   0.389
   69	0.177	0.418	 -1	   0.611	   0.389
   70	0.177	0.418	 -1	   0.611	   0.389
   71	0.246	0.366	 -2	   0.611	   0.389
   72	0.255	0.373	 -2	   0.611	   0.389
   73	0.113	0.340	 -1	   0.667	   0.333
   74	0.186	0.269	 -2	   0.611	   0.389
   75	0.196	0.272	 -2	   0.556	   0.444
   76	0.297	0.362	 -2	   0.500	   0.500
   77	0.440	0.308	 -1	   0.444	   0.556
   78	0.473	0.277	  0	   0.444	   0.556
   79	0.500	0.292	  0	   0.444	   0.556
   80	0.423	0.247	  0	   0.444	   0.556
   81	0.268	0.396	  1	   0.500	   0.500
   82	0.269	0.396	  1	   0.500	   0.500
   83	0.275	0.401	  1	   0.500	   0.500
   84	0.268	0.404	  1	   0.500	   0.500
   85	0.369	0.319	  1	   0.444	   0.556
   86	0.349	0.305	  1	   0.444	   0.556
   87	0.347	0.304	  1	   0.500	   0.500
   88	0.382	0.271	  2	   0.500	   0.500
   89	0.312	0.300	  3	   0.500	   0.500
   90	0.161	0.166	  4	   0.556	   0.444
   91	0.257	0.228	  3	   0.500	   0.500
   92	0.293	0.201	  3	   0.500	   0.500
   93	0.241	0.236	  2	   0.556	   0.444