Q77HM6_A29L_MPXV	YFT67316.1	100.000	110	0	0	1	110	1	110	5.56e-80	227
Q77HM6_A29L_MPXV	YFT66960.1	98.182	110	2	0	1	110	1	110	9.47e-78	221
Q77HM6_A29L_MPXV	YCL31793.1	95.455	110	5	0	1	110	1	110	1.84e-75	216
Q77HM6_A29L_MPXV	YCL31322.1	95.455	110	5	0	1	110	1	110	2.37e-75	215
Q77HM6_A29L_MPXV	C9E791	94.545	110	6	0	1	110	1	110	5.58e-75	214
Q77HM6_A29L_MPXV	C9E789	94.545	110	6	0	1	110	1	110	5.64e-75	214
Q77HM6_A29L_MPXV	C9E790	93.636	110	7	0	1	110	1	110	6.65e-75	214
Q77HM6_A29L_MPXV	YFT67137.1	98.131	107	2	0	4	110	1	107	6.96e-75	214
Q77HM6_A29L_MPXV	WWS34253.1	94.545	110	6	0	1	110	1	110	9.34e-75	214
Q77HM6_A29L_MPXV	AAL73853.1	93.636	110	7	0	1	110	1	110	3.08e-74	213
Q77HM6_A29L_MPXV	V9PXP5	93.636	110	7	0	1	110	1	110	4.90e-74	212
Q77HM6_A29L_MPXV	sp|P33816.1|PG154_VAR67	93.636	110	7	0	1	110	1	110	4.90e-74	212
Q77HM6_A29L_MPXV	YFN02224.1	94.545	110	6	0	1	110	1	110	5.12e-74	212
Q77HM6_A29L_MPXV	AYN64713.1	93.636	110	7	0	1	110	1	110	2.63e-73	210
Q77HM6_A29L_MPXV	CAG7621171.1	93.636	110	7	0	1	110	1	110	3.46e-73	210
Q77HM6_A29L_MPXV	sp|P20535.1|PG154_VACCC	93.636	110	7	0	1	110	1	110	7.22e-73	209
Q77HM6_A29L_MPXV	QEQ49703.1	92.727	110	8	0	1	110	1	110	1.36e-72	208
Q77HM6_A29L_MPXV	ABD97717.1	92.727	110	8	0	1	110	1	110	4.04e-72	207
Q77HM6_A29L_MPXV	QED21266.1	85.455	110	16	0	1	110	1	110	8.88e-69	199
Q77HM6_A29L_MPXV	AOP31836.1	65.909	132	23	2	1	110	1	132	3.57e-54	162
Q77HM6_A29L_MPXV	AKJ93776.1	67.227	119	30	2	1	110	1	119	1.53e-51	155
Q77HM6_A29L_MPXV	AAQ72922.1	63.235	136	24	1	1	110	1	136	6.01e-50	152
Q77HM6_A29L_MPXV	AST09540.1	59.483	116	40	2	1	110	1	115	1.99e-44	137
Q77HM6_A29L_MPXV	P26312	94.030	67	4	0	44	110	70	136	1.60e-42	133
Q77HM6_A29L_MPXV	AST09338.1	56.410	117	44	3	1	110	1	117	2.47e-41	130
Q77HM6_A29L_MPXV	AEN03720.1	53.636	110	40	2	1	110	1	99	2.96e-37	119
Q77HM6_A29L_MPXV	ASK51325.1	47.748	111	42	3	4	107	8	109	3.10e-27	94.4
Q77HM6_A29L_MPXV	WAH71083.1	47.748	111	42	3	4	107	8	109	3.49e-27	94.0
Q77HM6_A29L_MPXV	ABD51467.1	47.059	68	35	1	42	108	2	69	1.90e-16	65.5
Q77HM6_A29L_MPXV	ASF89976.1	43.860	57	32	0	53	109	33	89	4.43e-14	60.1
Q77HM6_A29L_MPXV	AIZ77355.1	41.975	81	40	1	29	109	17	90	5.34e-14	59.7
Q77HM6_A29L_MPXV	QHG62676.1	35.000	100	51	2	5	104	3	88	1.87e-12	55.8
Q77HM6_A29L_MPXV	YDE36723.1	40.351	57	34	0	53	109	32	88	2.81e-12	55.5
Q77HM6_A29L_MPXV	WZD65968.1	40.351	57	34	0	53	109	32	88	3.24e-12	55.1
Q77HM6_A29L_MPXV	WOC35488.1	31.313	99	56	2	11	109	9	95	3.68e-12	55.1
Q77HM6_A29L_MPXV	QZW33596.1	45.714	70	35	2	37	105	18	85	4.40e-12	55.1
Q77HM6_A29L_MPXV	ANS71206.1	44.643	56	31	0	50	105	39	94	1.18e-11	53.9
Q77HM6_A29L_MPXV	WZD65710.1	40.351	57	34	0	53	109	32	88	2.95e-11	52.8
Q77HM6_A29L_MPXV	AWU47162.1	37.500	64	40	0	46	109	44	107	3.06e-11	53.1
Q77HM6_A29L_MPXV	WZD66097.1	40.351	57	34	0	53	109	32	88	3.36e-11	52.4
Q77HM6_A29L_MPXV	WZD65840.1	40.351	57	34	0	53	109	32	88	3.47e-11	52.4
Q77HM6_A29L_MPXV	Q6TVL6	40.351	57	34	0	53	109	34	90	5.07e-11	52.0
Q77HM6_A29L_MPXV	sp|P26654.1|VFUS_ORFN2	38.596	57	35	0	53	109	33	89	1.10e-10	51.2
Q77HM6_A29L_MPXV	XPQ45389.1	38.596	57	35	0	53	109	34	90	1.25e-10	51.2
Q77HM6_A29L_MPXV	YBU52136.1	40.541	74	37	1	36	109	24	90	1.73e-10	50.8
Q77HM6_A29L_MPXV	Q6TV84	38.596	57	35	0	53	109	32	88	1.90e-10	50.4
Q77HM6_A29L_MPXV	WZD65066.1	38.667	75	39	1	30	104	18	85	1.94e-09	48.1
Q77HM6_A29L_MPXV	YP_003457410.1	40.385	52	31	0	53	104	35	86	2.53e-09	47.8
Q77HM6_A29L_MPXV	WZD65198.1	40.385	52	31	0	53	104	35	86	2.76e-09	47.8
Q77HM6_A29L_MPXV	WZD65323.1	40.385	52	31	0	53	104	35	86	3.72e-09	47.4
Q77HM6_A29L_MPXV	ADT91144.1	39.130	69	29	1	50	105	165	233	1.13e-08	48.1
Q77HM6_A29L_MPXV	APG58335.1	42.623	61	28	2	49	106	177	233	2.75e-08	47.0
Q77HM6_A29L_MPXV	NP_570274.1	45.614	57	24	1	50	106	92	141	4.08e-08	45.8
Q77HM6_A29L_MPXV	ABQ43592.1	43.333	60	27	1	50	109	91	143	7.75e-08	45.1
Q77HM6_A29L_MPXV	YBO75993.1	46.429	56	23	2	50	105	137	185	8.23e-08	45.4
Q77HM6_A29L_MPXV	AAR07473.1	43.860	57	25	1	50	106	94	143	1.33e-07	44.3
Q77HM6_A29L_MPXV	CAC21355.1	45.000	60	26	1	50	109	91	143	1.36e-07	44.3
Q77HM6_A29L_MPXV	ABI99110.1	55.263	38	17	0	72	109	96	133	1.79e-07	43.9
Q77HM6_A29L_MPXV	AUI80687.1	55.263	38	17	0	72	109	97	134	1.81e-07	43.9
Q77HM6_A29L_MPXV	ABI99281.1	55.263	38	17	0	72	109	97	134	1.87e-07	43.9
Q77HM6_A29L_MPXV	T2DHX9	50.000	42	21	0	65	106	103	144	1.97e-07	43.9
Q77HM6_A29L_MPXV	T2DJJ6	50.000	42	21	0	65	106	103	144	2.01e-07	43.9
Q77HM6_A29L_MPXV	XPY37795.1	50.000	42	21	0	65	106	103	144	2.10e-07	43.9
Q77HM6_A29L_MPXV	XKH15810.1	50.000	42	21	0	65	106	103	144	2.14e-07	43.9
Q77HM6_A29L_MPXV	A0A4D6DKN1	50.000	42	21	0	65	106	103	144	2.16e-07	43.9
Q77HM6_A29L_MPXV	YDS16483.1	50.000	42	21	0	65	106	103	144	2.16e-07	43.9
Q77HM6_A29L_MPXV	YBU52347.1	50.000	42	21	0	65	106	103	144	2.28e-07	43.9
Q77HM6_A29L_MPXV	sp|P16717.1|VFUS_SHEVK	50.000	42	21	0	65	106	103	144	2.45e-07	43.5
Q77HM6_A29L_MPXV	YCL82046.1	50.000	42	21	0	65	106	103	144	2.50e-07	43.5
Q77HM6_A29L_MPXV	AAF17998.1	44.643	56	24	2	50	105	128	176	2.89e-07	43.9
Q77HM6_A29L_MPXV	YCL81897.1	54.054	37	17	0	70	106	108	144	3.82e-07	43.1
Q77HM6_A29L_MPXV	AYC44792.1	55.263	38	17	0	72	109	95	132	5.36e-07	42.7
Q77HM6_A29L_MPXV	YAW79107.1	44.643	56	24	3	50	105	138	186	1.38e-06	42.0
Q77HM6_A29L_MPXV	Q83655	44.643	56	24	3	50	105	138	186	1.45e-06	42.0
Q77HM6_A29L_MPXV	XSG12557.1	34.375	64	35	1	45	108	28	84	4.40e-05	37.4
Q77HM6_A29L_MPXV	YFT67316.1	100.000	110	0	0	1	110	1	110	1.29e-51	155
Q77HM6_A29L_MPXV	YFT66960.1	98.182	110	2	0	1	110	1	110	2.87e-51	154
Q77HM6_A29L_MPXV	AAL73853.1	93.636	110	7	0	1	110	1	110	4.39e-50	152
Q77HM6_A29L_MPXV	ABD97717.1	92.727	110	8	0	1	110	1	110	5.66e-50	151
Q77HM6_A29L_MPXV	YCL31322.1	95.455	110	5	0	1	110	1	110	8.69e-50	151
Q77HM6_A29L_MPXV	YCL31793.1	95.455	110	5	0	1	110	1	110	1.07e-49	151
Q77HM6_A29L_MPXV	QED21266.1	85.455	110	16	0	1	110	1	110	1.17e-49	150
Q77HM6_A29L_MPXV	WWS34253.1	94.545	110	6	0	1	110	1	110	1.39e-49	150
Q77HM6_A29L_MPXV	C9E790	93.636	110	7	0	1	110	1	110	1.47e-49	150
Q77HM6_A29L_MPXV	C9E791	94.545	110	6	0	1	110	1	110	1.52e-49	150
Q77HM6_A29L_MPXV	sp|P33816.1|PG154_VAR67	93.636	110	7	0	1	110	1	110	1.73e-49	150
Q77HM6_A29L_MPXV	V9PXP5	93.636	110	7	0	1	110	1	110	1.75e-49	150
Q77HM6_A29L_MPXV	C9E789	94.545	110	6	0	1	110	1	110	2.52e-49	149
Q77HM6_A29L_MPXV	YFT67137.1	98.131	107	2	0	4	110	1	107	3.93e-49	149
Q77HM6_A29L_MPXV	AYN64713.1	93.636	110	7	0	1	110	1	110	1.77e-48	148
Q77HM6_A29L_MPXV	QEQ49703.1	92.727	110	8	0	1	110	1	110	2.06e-48	147
Q77HM6_A29L_MPXV	CAG7621171.1	93.636	110	7	0	1	110	1	110	2.41e-48	147
Q77HM6_A29L_MPXV	YFN02224.1	94.545	110	6	0	1	110	1	110	3.24e-48	147
Q77HM6_A29L_MPXV	sp|P20535.1|PG154_VACCC	93.636	110	7	0	1	110	1	110	2.60e-47	144
Q77HM6_A29L_MPXV	AKJ93776.1	68.908	119	28	1	1	110	1	119	1.40e-41	130
Q77HM6_A29L_MPXV	AOP31836.1	65.909	132	23	2	1	110	1	132	4.33e-40	127
Q77HM6_A29L_MPXV	AST09540.1	58.261	115	43	1	1	110	1	115	7.17e-40	126
Q77HM6_A29L_MPXV	AST09338.1	52.991	117	48	1	1	110	1	117	9.38e-40	126
Q77HM6_A29L_MPXV	AAQ72922.1	63.235	136	24	1	1	110	1	136	4.95e-39	124
Q77HM6_A29L_MPXV	AEN03720.1	51.818	110	42	1	1	110	1	99	9.65e-34	110
Q77HM6_A29L_MPXV	P26312	91.304	69	6	0	42	110	68	136	3.98e-32	107
Q77HM6_A29L_MPXV	WOC35488.1	31.313	99	56	2	11	109	9	95	3.67e-30	101
Q77HM6_A29L_MPXV	AIZ77355.1	39.506	81	42	1	29	109	17	90	1.27e-26	91.8
Q77HM6_A29L_MPXV	YDE36723.1	33.333	81	47	1	29	109	15	88	1.03e-24	87.2
Q77HM6_A29L_MPXV	ASF89976.1	31.683	101	55	2	9	109	3	89	1.11e-24	87.2
Q77HM6_A29L_MPXV	WZD65968.1	33.333	81	47	1	29	109	15	88	1.41e-24	86.8
Q77HM6_A29L_MPXV	YBU52136.1	34.940	83	47	1	27	109	15	90	5.03e-24	85.2
Q77HM6_A29L_MPXV	WZD65710.1	33.333	81	47	1	29	109	15	88	5.26e-24	85.2
Q77HM6_A29L_MPXV	Q6TV84	33.333	81	47	1	29	109	15	88	5.46e-24	85.2
Q77HM6_A29L_MPXV	Q6TVL6	34.524	84	48	1	26	109	14	90	7.06e-24	84.9
Q77HM6_A29L_MPXV	WZD65840.1	33.333	81	47	1	29	109	15	88	8.31e-24	84.9
Q77HM6_A29L_MPXV	sp|P26654.1|VFUS_ORFN2	33.735	83	48	1	27	109	14	89	9.85e-24	84.5
Q77HM6_A29L_MPXV	WZD66097.1	33.333	81	47	1	29	109	15	88	1.08e-23	84.5
Q77HM6_A29L_MPXV	WAH71083.1	46.729	107	49	2	4	107	8	109	3.09e-23	84.1
Q77HM6_A29L_MPXV	ASK51325.1	46.729	107	49	2	4	107	8	109	3.52e-23	84.1
Q77HM6_A29L_MPXV	AWU47162.1	27.619	105	72	1	9	109	3	107	4.95e-23	83.3
Q77HM6_A29L_MPXV	XPQ45389.1	33.333	84	49	1	26	109	14	90	4.98e-23	82.9
Q77HM6_A29L_MPXV	WZD65066.1	36.145	83	46	1	27	109	15	90	1.04e-22	82.2
Q77HM6_A29L_MPXV	YP_003457410.1	30.952	84	51	1	26	109	15	91	3.64e-22	80.6
Q77HM6_A29L_MPXV	WZD65198.1	32.143	84	50	1	26	109	15	91	4.73e-22	80.2
Q77HM6_A29L_MPXV	QHG62676.1	35.000	100	51	2	5	104	3	88	9.33e-22	79.8
Q77HM6_A29L_MPXV	WZD65323.1	30.435	92	57	1	18	109	7	91	5.09e-21	77.9
Q77HM6_A29L_MPXV	ANS71206.1	31.373	102	59	3	9	107	3	96	1.99e-20	76.4
Q77HM6_A29L_MPXV	XSG12557.1	33.846	65	36	1	44	108	27	84	3.62e-19	74.5
Q77HM6_A29L_MPXV	ABD51467.1	47.059	68	35	1	42	108	2	69	8.11e-17	66.8
Q77HM6_A29L_MPXV	QZW33596.1	41.429	70	40	1	37	106	18	86	3.40e-16	65.6
Q77HM6_A29L_MPXV	CAC21355.1	45.000	60	26	1	50	109	91	143	6.61e-15	63.7
Q77HM6_A29L_MPXV	ABI99281.1	41.667	60	28	1	50	109	82	134	7.33e-15	63.3
Q77HM6_A29L_MPXV	ABQ43592.1	43.333	60	27	1	50	109	91	143	1.08e-14	62.9
Q77HM6_A29L_MPXV	AUI80687.1	41.667	60	28	1	50	109	82	134	1.46e-14	62.5
Q77HM6_A29L_MPXV	AYC44792.1	41.667	60	28	1	50	109	80	132	1.95e-14	62.1
Q77HM6_A29L_MPXV	NP_570274.1	43.103	58	26	1	50	107	92	142	4.28e-14	61.4
Q77HM6_A29L_MPXV	YDS16483.1	32.258	93	53	2	18	107	60	145	6.16e-14	61.0
Q77HM6_A29L_MPXV	ABI99110.1	41.667	60	28	1	50	109	81	133	7.42e-14	60.6
Q77HM6_A29L_MPXV	YCL82046.1	32.258	93	53	2	18	107	60	145	7.62e-14	61.0
Q77HM6_A29L_MPXV	sp|P16717.1|VFUS_SHEVK	32.258	93	53	2	18	107	60	145	1.02e-13	60.6
Q77HM6_A29L_MPXV	YBU52347.1	44.828	58	25	1	50	107	95	145	1.08e-13	60.6
Q77HM6_A29L_MPXV	T2DHX9	25.556	90	67	0	18	107	56	145	1.26e-13	60.2
Q77HM6_A29L_MPXV	A0A4D6DKN1	44.828	58	25	1	50	107	95	145	1.48e-13	60.2
Q77HM6_A29L_MPXV	T2DJJ6	25.556	90	67	0	18	107	56	145	1.64e-13	59.8
Q77HM6_A29L_MPXV	AAR07473.1	43.103	58	26	1	50	107	94	144	1.78e-13	59.8
Q77HM6_A29L_MPXV	XKH15810.1	25.556	90	67	0	18	107	56	145	2.73e-13	59.4
Q77HM6_A29L_MPXV	XPY37795.1	25.556	90	67	0	18	107	56	145	3.17e-13	59.4
Q77HM6_A29L_MPXV	ADT91144.1	39.130	69	29	1	50	105	165	233	3.58e-13	60.6
Q77HM6_A29L_MPXV	YBO75993.1	30.526	95	58	3	11	105	99	185	4.33e-12	57.1
Q77HM6_A29L_MPXV	APG58335.1	36.986	73	33	1	50	109	164	236	1.04e-11	56.7
Q77HM6_A29L_MPXV	YCL81897.1	48.780	41	21	0	67	107	105	145	2.38e-11	54.4
Q77HM6_A29L_MPXV	Q83655	42.857	56	25	2	50	105	138	186	2.95e-11	54.8
Q77HM6_A29L_MPXV	YAW79107.1	42.857	56	25	2	50	105	138	186	3.49e-11	54.4
Q77HM6_A29L_MPXV	AAF17998.1	44.643	56	24	2	50	105	128	176	3.95e-11	54.4
Q77HM6_A29L_MPXV	Q83970	25.676	74	54	1	31	104	114	186	4.26e-07	43.6
Q77HM6_A29L_MPXV	Q8QMS8	25.676	74	54	1	31	104	92	164	5.09e-07	43.3
Q77HM6_A29L_MPXV	YCL31741.1	25.676	74	54	1	31	104	93	165	5.13e-07	43.3
Q77HM6_A29L_MPXV	Q88963	44.118	34	17	1	71	104	220	251	5.31e-07	43.6
Q77HM6_A29L_MPXV	QGT49408.1	24.615	65	45	1	41	101	158	222	1.97e-05	39.0
Q77HM6_A29L_MPXV	QGT49194.1	24.615	65	45	1	41	101	90	154	2.86e-05	38.2
Q77HM6_A29L_MPXV	QGT48981.1	24.615	65	45	1	41	101	175	239	4.73e-05	37.9
Q77HM6_A29L_MPXV	YFT67316.1	100.000	110	0	0	1	110	1	110	1.88e-45	140
Q77HM6_A29L_MPXV	YFT66960.1	98.182	110	2	0	1	110	1	110	2.85e-45	139
Q77HM6_A29L_MPXV	YCL31793.1	95.455	110	5	0	1	110	1	110	5.81e-45	139
Q77HM6_A29L_MPXV	AAL73853.1	93.636	110	7	0	1	110	1	110	6.44e-45	139
Q77HM6_A29L_MPXV	YCL31322.1	95.455	110	5	0	1	110	1	110	7.39e-45	138
Q77HM6_A29L_MPXV	ABD97717.1	92.727	110	8	0	1	110	1	110	7.64e-45	138
Q77HM6_A29L_MPXV	V9PXP5	93.636	110	7	0	1	110	1	110	7.89e-45	138
Q77HM6_A29L_MPXV	C9E790	93.636	110	7	0	1	110	1	110	8.71e-45	138
Q77HM6_A29L_MPXV	sp|P33816.1|PG154_VAR67	93.636	110	7	0	1	110	1	110	8.81e-45	138
Q77HM6_A29L_MPXV	QED21266.1	85.455	110	16	0	1	110	1	110	1.35e-44	138
Q77HM6_A29L_MPXV	WWS34253.1	94.545	110	6	0	1	110	1	110	1.35e-44	138
Q77HM6_A29L_MPXV	C9E791	94.545	110	6	0	1	110	1	110	1.43e-44	138
Q77HM6_A29L_MPXV	C9E789	94.545	110	6	0	1	110	1	110	2.36e-44	137
Q77HM6_A29L_MPXV	QEQ49703.1	92.727	110	8	0	1	110	1	110	5.20e-44	136
Q77HM6_A29L_MPXV	YFN02224.1	94.545	110	6	0	1	110	1	110	1.07e-43	135
Q77HM6_A29L_MPXV	AYN64713.1	93.636	110	7	0	1	110	1	110	1.66e-43	135
Q77HM6_A29L_MPXV	CAG7621171.1	93.636	110	7	0	1	110	1	110	1.91e-43	135
Q77HM6_A29L_MPXV	YFT67137.1	98.131	107	2	0	4	110	1	107	3.16e-43	134
Q77HM6_A29L_MPXV	sp|P20535.1|PG154_VACCC	93.636	110	7	0	1	110	1	110	7.86e-43	133
Q77HM6_A29L_MPXV	AKJ93776.1	68.908	119	28	1	1	110	1	119	7.39e-39	123
Q77HM6_A29L_MPXV	AST09338.1	52.991	117	48	1	1	110	1	117	1.31e-37	120
Q77HM6_A29L_MPXV	AOP31836.1	61.364	132	29	1	1	110	1	132	2.22e-37	120
Q77HM6_A29L_MPXV	AST09540.1	58.261	115	43	1	1	110	1	115	2.39e-37	119
Q77HM6_A29L_MPXV	AAQ72922.1	60.294	136	28	1	1	110	1	136	6.91e-36	116
Q77HM6_A29L_MPXV	P26312	91.304	69	6	0	42	110	68	136	2.88e-30	102
Q77HM6_A29L_MPXV	AEN03720.1	51.818	110	42	1	1	110	1	99	2.88e-30	101
Q77HM6_A29L_MPXV	WOC35488.1	31.313	99	56	2	11	109	9	95	3.12e-29	98.7
Q77HM6_A29L_MPXV	AIZ77355.1	39.024	82	43	1	28	109	16	90	1.95e-26	91.4
Q77HM6_A29L_MPXV	ASF89976.1	31.683	101	55	2	9	109	3	89	2.17e-26	91.4
Q77HM6_A29L_MPXV	AWU47162.1	27.619	105	72	1	9	109	3	107	2.22e-25	89.5
Q77HM6_A29L_MPXV	YDE36723.1	34.146	82	47	1	28	109	14	88	4.00e-25	87.9
Q77HM6_A29L_MPXV	WZD65968.1	34.146	82	47	1	28	109	14	88	9.81e-25	87.2
Q77HM6_A29L_MPXV	YBU52136.1	34.940	83	47	1	27	109	15	90	1.30e-24	86.8
Q77HM6_A29L_MPXV	Q6TVL6	34.524	84	48	1	26	109	14	90	1.38e-24	86.8
Q77HM6_A29L_MPXV	WZD65710.1	34.146	82	47	1	28	109	14	88	2.39e-24	86.0
Q77HM6_A29L_MPXV	Q6TV84	33.333	81	47	1	29	109	15	88	2.56e-24	86.0
Q77HM6_A29L_MPXV	YP_003457410.1	30.435	92	57	1	18	109	7	91	3.37e-24	86.0
Q77HM6_A29L_MPXV	sp|P26654.1|VFUS_ORFN2	30.435	92	57	1	18	109	5	89	3.48e-24	85.6
Q77HM6_A29L_MPXV	WZD65840.1	34.146	82	47	1	28	109	14	88	3.50e-24	85.6
Q77HM6_A29L_MPXV	WZD65198.1	30.851	94	58	1	16	109	5	91	3.63e-24	85.6
Q77HM6_A29L_MPXV	WZD66097.1	34.146	82	47	1	28	109	14	88	6.66e-24	84.8
Q77HM6_A29L_MPXV	XPQ45389.1	33.333	84	49	1	26	109	14	90	7.43e-24	84.8
Q77HM6_A29L_MPXV	WZD65066.1	36.145	83	46	1	27	109	15	90	1.94e-23	83.7
Q77HM6_A29L_MPXV	ANS71206.1	31.373	102	59	3	9	107	3	96	2.66e-23	83.7
Q77HM6_A29L_MPXV	WZD65323.1	30.851	94	58	1	16	109	5	91	1.09e-22	82.1
Q77HM6_A29L_MPXV	ASK51325.1	46.729	107	49	2	4	107	8	109	1.58e-22	82.1
Q77HM6_A29L_MPXV	WAH71083.1	46.729	107	49	2	4	107	8	109	1.63e-22	82.1
Q77HM6_A29L_MPXV	T2DHX9	25.556	90	67	0	18	107	56	145	2.94e-18	72.1
Q77HM6_A29L_MPXV	XSG12557.1	33.846	65	36	1	44	108	27	84	4.66e-18	71.4
Q77HM6_A29L_MPXV	T2DJJ6	25.556	90	67	0	18	107	56	145	6.32e-18	71.4
Q77HM6_A29L_MPXV	XKH15810.1	25.556	90	67	0	18	107	56	145	1.06e-17	71.0
Q77HM6_A29L_MPXV	A0A4D6DKN1	25.556	90	67	0	18	107	56	145	1.13e-17	70.6
Q77HM6_A29L_MPXV	YDS16483.1	26.744	86	63	0	22	107	60	145	1.33e-17	70.6
Q77HM6_A29L_MPXV	YCL82046.1	26.744	86	63	0	22	107	60	145	1.53e-17	70.6
Q77HM6_A29L_MPXV	QHG62676.1	35.000	100	51	2	5	104	3	88	1.91e-17	68.7
Q77HM6_A29L_MPXV	sp|P16717.1|VFUS_SHEVK	26.744	86	63	0	22	107	60	145	1.93e-17	70.2
Q77HM6_A29L_MPXV	YBU52347.1	26.744	86	63	0	22	107	60	145	1.95e-17	70.2
Q77HM6_A29L_MPXV	YBO75993.1	28.421	95	60	2	11	105	99	185	2.58e-17	71.0
Q77HM6_A29L_MPXV	XPY37795.1	25.556	90	67	0	18	107	56	145	3.49e-17	69.4
Q77HM6_A29L_MPXV	ABI99281.1	27.551	98	63	2	12	109	45	134	4.73e-17	69.1
Q77HM6_A29L_MPXV	Q8QMS8	25.676	74	54	1	31	104	92	164	4.74e-17	70.2
Q77HM6_A29L_MPXV	YCL31741.1	25.676	74	54	1	31	104	93	165	4.82e-17	70.2
Q77HM6_A29L_MPXV	Q83970	25.676	74	54	1	31	104	114	186	4.98e-17	70.6
Q77HM6_A29L_MPXV	Q88963	25.676	74	54	1	31	104	179	251	5.51e-17	71.4
Q77HM6_A29L_MPXV	AUI80687.1	27.551	98	63	2	12	109	45	134	8.55e-17	68.3
Q77HM6_A29L_MPXV	AYC44792.1	27.551	98	63	2	12	109	43	132	9.30e-17	67.9
Q77HM6_A29L_MPXV	ABI99110.1	27.551	98	63	2	12	109	44	133	3.08e-16	66.7
Q77HM6_A29L_MPXV	ABD51467.1	47.059	68	35	1	42	108	2	69	7.52e-16	64.0
Q77HM6_A29L_MPXV	QZW33596.1	41.667	60	35	0	48	107	28	87	8.90e-16	64.4
Q77HM6_A29L_MPXV	YCL81897.1	25.581	86	64	0	22	107	60	145	1.97e-15	64.8
Q77HM6_A29L_MPXV	Q83655	26.596	94	61	2	12	105	101	186	6.38e-15	64.4
Q77HM6_A29L_MPXV	YAW79107.1	26.596	94	61	2	12	105	101	186	7.09e-15	64.4
Q77HM6_A29L_MPXV	CAC21355.1	30.851	94	57	2	16	109	58	143	7.74e-15	63.3
Q77HM6_A29L_MPXV	ABQ43592.1	29.787	94	58	2	16	109	58	143	1.82e-14	62.5
Q77HM6_A29L_MPXV	NP_570274.1	28.409	88	55	2	20	107	63	142	8.62e-14	60.6
Q77HM6_A29L_MPXV	AAF17998.1	26.596	94	61	2	12	105	91	176	3.15e-13	59.8
Q77HM6_A29L_MPXV	APG58335.1	26.786	112	68	2	11	109	126	236	3.68e-13	60.6
Q77HM6_A29L_MPXV	ADT91144.1	30.303	99	55	2	20	105	136	233	2.84e-12	58.3
Q77HM6_A29L_MPXV	AAR07473.1	28.866	97	61	2	11	107	56	144	4.48e-12	56.3
Q77HM6_A29L_MPXV	QGT49408.1	21.918	73	53	1	33	101	150	222	7.64e-11	54.0
Q77HM6_A29L_MPXV	QGT49194.1	21.918	73	53	1	33	101	82	154	8.37e-11	53.3
Q77HM6_A29L_MPXV	QGT48981.1	21.918	73	53	1	33	101	167	239	2.90e-10	52.9

Search has CONVERGED!
